exp			    P2			            S1				   S2		pi(x^(1/3))      	    pi(x) 			
12		23 729 370 364			-2 082 699 765	               63 419 980 919   	 1229		   37 607 912 018 	 
13	       220 518 863 542	        	 9 533 486 296		      557 050 911 669		 2417		  346 065 536 839  	
14	     2 057 293 161 289	     		97 235 544 215	       	    5 164 999 363 080		 4797		3 204 941 750 802  
15	    19 268 135 661 261	      	      -487 227 617 009	       	   49 599 933 691 348	 	 9592          29 844 570 422 669 
16	   181 227 280 171 741	   	    -1 140 886 944 772	       	  461 606 508 131 195	        19244	      279 238 341 033 925
17	 1 710 497 997 170 067      	    45 934 470 453 472	       	4 288 120 684 332 060		38769	    2 623 557 157 654 233 
18      16 191 033 495 438 520     	   200 604 685 387 796	       40 730 383 097 713 087		78498      24 739 954 287 740 860
19     153 682 346 470 232 909	        -1 995 508 907 160 065	      389 735 522 653 578 027	       159555     234 057 667 276 344 607
20   1 462 582 634 966 822 329	         4 225 966 651 355 792		       
21  13 951 345 651 428 989 556	       101 523 953 942 781 990
22				        47 262 834 289 823 700
23			            -2 960 243 339 778 509 481
24			            20 474 169 868 920 179 844
25			           135 426 860 905 198 282 655


pi(x) = pi(x^(1/3)) - P2 + S1 + S2 - 1 


